111 - 1. 11111111 1111111 1111111111. m ’

Β. 011111111111111111111111111111, 1111111111111111111, 1111111111 1711 11 171111.
’ l').
Sim,

111111 11111111111111111 1111111 1111111111 111111 V, Μ. 1 11111 11111 rixo 111111111 111111111111111, 111 μη.
111111111111111111111 1111111111 chaque 1111111111111 1111111111 quo 11111111111111111 1111 pour 11 1111111111
1111111111111111, 11111 1111 1111111111 11’,111111 1111111111 11 1111111111 doit 1111111 11111111111111111111

111 1111111 do poyor pior quo 1111111111 1111111 11111111.

811111111 11111111 1111101111111 1111111111 1111111111 1,2, 3, 111111111191, 11111 111 111 1111 qne
5 11 hasard, lorsquffon jugo 111· nn 111111 grand nombre 111 11111111 1111 1111111. 01 111 1111111111 111-11
111111 do plusieurs 1111111111 (1111111111, colorique 11111111 11111111· 11 111111111111111111.

11 ¹⁶¹· ost: 11 1111111 11111111 1 1111111 11 numito 1111 111) 11111111,11 il 1111111111 lui-mimo 1111111111
1111111111 en 111 quo son nombre 11111111111111 1111 11111111 qu'on 111111 1 1111111111 111111111111111
du 1111111111111111, 11 111 1111111 de 11111111 11111111 commo 11111111. 811111111111111111111111111111-
11111111 11 1111 de 100 11111; 1111 111 11 parti 11111111, 1111111111111111 18⁶¹* 111111 111 10111111,1’111
111111 1 1111111. 13 11111. 01 111111 11 111111, 11 1111 111118 1111111. Dono 1111111111111“111111111111111
111111111111111. 11111111111111111 1111111 1111111111 prix quo 11111111111111111111111 11111111 1111-
111111 111 111111. (11111111111111111111111111111111111Ι 10011111, 111 1111 quo 111 1111111111 11111111111111111
5111111 111111, 11 111111 1111111111 11111 11111111, 11111111111111111 condition, 80 1111, 11111111 1111111111
prix, 1111 11111111111111, que 1111111111 1111111111 11111111.

La 2⁴³ 111111111111111111111 111 1111111111, 11111111 quo 11 11111111111111111111111111111 1 11 1111, et

(1111111111 lui 1111111 11 prix qu'ii 1111 1111111, 11 111 111 tono 111 (11111111111111111111111 1111111 111 cinq

1111111111 quon 111111 111 111111111111111.111111111111111111111 υώτ11,111111111111111,11 moment

111

(111111111111111111111111111111 90, 1111111 1111- 9⁰· 89 -11- ⁸⁰¹ poor qne 11 11111111 1111, 11 111 11111111

11111· quo ὦ]11111111111111111111111111111111111(1111,11111111111111111111111111001111. 1111 poie-

111111151111ἓὲ11. ou 6 11. 1 pen 1111. 01, 11111111 111111, 11 111111, 1111111111111111,1111111..

11111111111111111111111133ξ p. 1111. 0111111111111111111111111111111111111,111111111111111111111 ἦ '

1111111111,11111111111111 201111111111111111111111111111111111111111111111111,1111111111, 1111111
de 100 11111, 11 1111 propiet 111 poyer 12011111 111 111 qno 1111111111 11111111 1 111111,1111111111111 11111111

11111111 probablement {iil-¹- ssp. 11111- , ,
11111111111111111111111111111111 111 111 11111111111111111111111111113111111111111111

) normano 1111111111111111111111111111111181 11111116111111111 Ρ11111,111111111111111111 8111111111111111111111
11111111 111111111111 11111 11 111111 11111 1111111, 1111111 11111 11 1111111 1111111111 1111111111111111’111111,11
⁴ qni 1 11111111111 1 8111111116 111 1111 11111111 1111111111, potr ’11111111 1111 1111111111 111111111111111111111
111 11111111 11111 1111111111 1111111111 ro 1111111 11111 1111111111 111 111111 11111111111 111 1111111 111111111111111 qn
1111111111111 11111 11111111 1111111 perr courir, 11 111 11111111 1111111111 11111 1111111111111 111 11, 1111111 11111,
11111111 111 1111111 1111111, 111 1111 1111111111- 1111111 1 Sa 11111116. Δ 1111111111 1115 septembre 1719.
“ ’ ’ ¹ ⁸ ¹ ¹ 1111111111 1111111.

Ρ. S. En 111 qno 1111111111111111111111 1111111111 1111111 11 qumque· 1111111111 1111111111 co 111111, 11 1111111 11111111
pour 11111111 11 fleotomi-ginon! comto 111 111111111111.»

1
i
i
i

 

