118 8898888889 8888989811ου8. 99

3. 12518111. = 757¹ 31311713. f
. 2¹. 5. 53307. 709.

ι
8
1
8
.

889889. 2
2¹. 8. 88. 898. 88988. ³

8. 89. 9888.
2⁸. 888. 898. 8988.

598303.
2¹. ³¹. 513. 59753.

187. 10113.
2⁸. 3². 5. 5318877.

7. 13. 19. 379.
9881 5. 229. 1129.

 

98. 8. 88. 888. 8889. 8888 9·. 8. 88. 99. 88. 888. ¹ ’

889 98 8. 88. 898 9. 8. 888.
8888 8. 8. 98988. ’ 021¹ 8. 999. 898.

’739ὅ 2¹. 5. 37. 273001. , 821⁸ 2². 3. 137. 337021. ¹

. 888 98. 8. 88. 998- 2⁸. 888.
³. 3, «85888, 888* 889898. 898ι 8. 8. 88. 888.
ἰ 9888988888. 888* 9. 8. 5¹. 88. 88. 888. 898ὅ 98. 8. 889. 88888. . ·

 

888 98. 888. . 898 98. 88. 98. ,
w6⁷³² 8. 888998. 889 8. 8. 98898. 898* 888888. . ,
888· 2¹. 8. 888. 88998. ⁷⁵¹⁸ 98. 88. 989998. 898· 98. ³¹. 8. 88. 98. 8988.

 

 

